393.4496	0.026933333	0.081066667	0.665733333
401.1643	0.026933333	0.081066667	0.665733333
408.879	0.026933333	0.081066667	0.665733333
416.5937	0.026933333	0.081066667	0.665733333
424.3083	0.026933333	0.081066667	0.665733333
432.023	0.026933333	0.081066667	0.665733333
439.7377	0.026933333	0.081066667	0.665733333
447.4524	0.026933333	0.081066667	0.665733333
455.1671	0.026933333	0.081066667	0.665733333
462.8818	0.026933333	0.081066667	0.665733333
470.5965	0.026933333	0.081066667	0.665733333
478.3112	0.026933333	0.081066667	0.665733333
486.0259	0.026933333	0.081066667	0.665733333
493.7406	0.026933333	0.081066667	0.665733333
501.4553	0.026933333	0.081066667	0.665733333
509.17	0.026933333	0.081066667	0.665733333
516.8847	0.026933333	0.081066667	0.665733333
524.5994	0.384566667	0.3179	1.059266667
532.3141	0.102466667	0	0.785466667
540.0288	0.1945	0.061333333	0.8817
547.7435	0.232266667	0.086533333	0.916533333
555.4582	0.276533333	0.129633333	0.957333333
563.1729	0.240833333	0.0966	0.921
570.8876	0.3034	0.063633333	0.881766667
578.6023	0.273966667	0.132366667	0.8653
586.317	0.232166667	0.091633333	0.9016
594.0317	0.2668	0.087633333	0.8961
601.7464	0.231333333	0.090066667	0.8617
609.4611	0.2302	0.0916	0.860233333
617.1758	0.232633333	0.097866667	0.8635
624.8905	0.236766667	0.1063	0.874266667
632.6052	0.227866667	0.1021	0.8535
640.3199	0.222733333	0.087633333	0.8561
648.0346	0.212633333	0.093033333	0.851
655.7493	0.215433333	0.0901	0.849233333
663.464	0.207866667	0.094933333	0.844433333
671.1787	0.202266667	0.0903	0.835333333
678.8934	0.195833333	0.091266667	0.827066667
686.6081	0.189466667	0.090466667	0.823233333
694.3228	0.1843	0.093633333	0.820133333
702.0375	0.1765	0.093233333	0.813366667
709.7521	0.1646	0.093166667	0.800733333
717.4668	0.1564	0.092166667	0.7881
725.1815	0.1508	0.092533333	0.778666667
732.8962	0.150766667	0.0936	0.779566667
740.6109	0.149833333	0.0942	0.779866667
748.3256	0.142466667	0.0958	0.769333333
756.0403	0.1315	0.0981	0.757533333
763.755	0.1209	0.0996	0.7439
771.4697	0.113966667	0.104266667	0.734866667
779.1844	0.109066667	0.111633333	0.725766667
786.8991	0.104766667	0.1203	0.714866667
794.6138	0.101033333	0.129666667	0.705033333
802.3285	0.098166667	0.1401	0.693933333
810.0432	0.0956	0.149233333	0.683266667
817.7579	0.0934	0.167666667	0.665166667
825.4726	0.0914	0.210833333	0.626166667
833.1873	0.087966667	0.303733333	0.537633333
840.902	0.082933333	0.371333333	0.4738
848.6167	0.078466667	0.278866667	0.5559
856.3314	0.0756	0.176033333	0.645433333
864.0461	0.0743	0.1365	0.673966667
871.7608	0.072866667	0.123166667	0.679833333
879.4755	0.0743	0.115166667	0.681766667
887.1902	0.072966667	0.113833333	0.684333333
894.9049	0.073033333	0.115066667	0.683366667
902.6196	0.072366667	0.123533333	0.6779
910.3343	0.072066667	0.139533333	0.669866667
918.049	0.0738	0.165166667	0.650766667
925.7637	0.076066667	0.204133333	0.619533333
933.4784	0.075166667	0.261	0.5718
941.1931	0.071433333	0.3331	0.507166667
948.9078	0.0692	0.402033333	0.4386
956.6225	0.069866667	0.440433333	0.3973
964.3372	0.070733333	0.345766667	0.4797
972.0519	0.0723	0.2019	0.608566667
979.7666	0.073433333	0.1408	0.663066667
987.4812	0.074133333	0.137833333	0.6669
995.1959	0.075033333	0.147433333	0.660633333
1002.9106	0.077566667	0.162966667	0.651666667
1010.6253	0.081166667	0.1861	0.6388
1018.34	0.084233333	0.219866667	0.6202
1026.0547	0.0869	0.264366667	0.594566667
1033.7694	0.091166667	0.316766667	0.556333333
1041.4841	0.095133333	0.377066667	0.508966667
1049.1988	0.0986	0.472666667	0.4342
1056.9135	0.1016	0.594066667	0.350666667
1064.6282	0.107366667	0.631766667	0.355666667
1072.3429	0.1098	0.671133333	0.351866667
1080.0576	0.111133333	0.853566667	0.2095
1087.7723	0.112266667	1.1031	0
1095.487	0.112766667	1.037466667	0.0246
1103.2017	0.113466667	0.752033333	0.259833333
1110.9164	0.1117	0.545033333	0.431733333
1118.6311	0.111433333	0.402466667	0.544266667
1126.3458	0.1093	0.3036	0.625166667
1134.0605	0.107233333	0.269433333	0.643033333
1141.7752	0.106066667	0.284433333	0.6124
1149.4899	0.110366667	0.2622	0.6131
1157.2046	0.113633333	0.1978	0.656533333
1164.9193	0.114966667	0.157133333	0.6821
1172.634	0.1142	0.142966667	0.6899
1180.3487	0.1138	0.136333333	0.6931
1188.0634	0.115	0.132233333	0.697233333
1195.7781	0.119633333	0.129833333	0.7046
1203.4928	0.128233333	0.1262	0.714966667
1211.2075	0.1374	0.1239	0.7273
1218.9222	0.1485	0.1247	0.740066667
1226.6369	0.1576	0.138333333	0.7383
1234.3516	0.1616	0.166533333	0.718933333
1242.0663	0.161833333	0.166966667	0.722566667
1249.781	0.159533333	0.1335	0.7554
1257.4957	0.157	0.109733333	0.769833333
1265.2104	0.152866667	0.120633333	0.748766667
1272.925	0.149866667	0.168166667	0.696866667
1280.6397	0.147	0.192733333	0.671966667
1288.3544	0.145266667	0.147266667	0.718233333
1296.0691	0.145033333	0.1022	0.761366667
1303.7838	0.1455	0.086433333	0.7736
1311.4985	0.144166667	0.080933333	0.771166667
1319.2132	0.1394	0.079433333	0.764666667
1326.9279	0.1355	0.0893	0.7485
1334.6426	0.134666667	0.146133333	0.692466667
1342.3573	0.134766667	0.192966667	0.655233333
1350.072	0.1348	0.153466667	0.696
1357.7867	0.138466667	0.123666667	0.721233333
1365.5014	0.147633333	0.103466667	0.7427
1373.2161	0.1617	0.078766667	0.778233333
1380.9308	0.1781	0.069733333	0.803233333
1388.6455	0.188766667	0.067466667	0.818166667
1396.3602	0.1872	0.066466667	0.818066667
1404.0749	0.175	0.0691	0.802133333
1411.7896	0.162633333	0.071833333	0.784
1419.5043	0.154933333	0.0712	0.774933333
1427.219	0.153166667	0.070366667	0.775566667
1434.9337	0.159533333	0.0762	0.7782
1442.6484	0.1651	0.091766667	0.773466667
1450.3631	0.1684	0.110433333	0.760033333
1458.0778	0.169233333	0.1376	0.7332
1465.7925	0.167966667	0.157566667	0.711766667
1473.5072	0.174233333	0.130366667	0.739766667
1481.2219	0.192933333	0.089666667	0.791233333
1488.9366	0.2291	0.072366667	0.841
1496.6513	0.272633333	0.0653	0.8921
1504.366	0.305166667	0.061066667	0.9365
1512.0807	0.327766667	0.059233333	0.973
1519.7954	0.3276	0.0585	0.987533333
1527.5101	0.316933333	0.057966667	0.985933333
1535.2248	0.299266667	0.058	0.972166667
1542.9395	0.266133333	0.0573	0.935533333
1550.6542	0.2349	0.057033333	0.8981
1558.3688	0.204466667	0.056966667	0.8625
1566.0835	0.183266667	0.0565	0.837166667
1573.7982	0.174033333	0.0562	0.825933333
1581.5129	0.168333333	0.056366667	0.819933333
1589.2276	0.166833333	0.0566	0.8182
1596.9423	0.1691	0.056966667	0.8191
1604.657	0.180733333	0.0563	0.828833333
1612.3717	0.203033333	0.056233333	0.8511
1620.0864	0.240933333	0.0559	0.8924
1627.8011	0.284766667	0.056633333	0.946733333
1635.5158	0.321766667	0.056566667	1.003533333
1643.2305	0.3363	0.0566	1.0346
1650.9452	0.3125	0.056333333	1.012533333
1658.6599	0.269633333	0.056266667	0.960166667
1666.3746	0.227466667	0.0555	0.909233333
1674.0893	0.184833333	0.0544	0.858633333
1681.804	0.1444	0.053866667	0.812233333
1689.5187	0.109066667	0.053666667	0.772733333
1697.2334	0.075066667	0.052833333	0.7361
1704.9481	0.0452	0.052066667	0.704833333
1712.6628	0.030033333	0.052633333	0.690166667
1720.3775	0.021033333	0.052533333	0.683033333
1728.0922	0.017466667	0.052166667	0.6793
1735.8069	0.015333333	0.052333333	0.676
1743.5216	0.013166667	0.051833333	0.674266667
1751.2363	0.011566667	0.0523	0.673366667
1758.951	0.0106	0.0523	0.671866667
1766.6657	0.0106	0.052666667	0.6715
1774.3804	0.009933333	0.0523	0.670866667
1782.0951	0.009833333	0.053066667	0.670566667
1789.8098	0.009833333	0.0524	0.670233333
1797.5245	0.009833333	0.0524	0.6697
1805.2392	0.0097	0.052866667	0.6695
1812.9539	0.009466667	0.052366667	0.669433333
1820.6686	0.008966667	0.0522	0.669533333
1828.3833	0.009166667	0.051466667	0.6695
1836.0979	0.0092	0.0513	0.669966667
1843.8126	0.009066667	0.051033333	0.669633333
1851.5273	0.008933333	0.051333333	0.669633333
1859.242	0.009066667	0.051566667	0.67
1866.9567	0.0093	0.051233333	0.669533333
1874.6714	0.009633333	0.0512	0.6696
1882.3861	0.009733333	0.0518	0.669466667
1890.1008	0.009433333	0.052166667	0.669033333
1897.8155	0.0098	0.0521	0.669166667
1905.5302	0.0098	0.0522	0.669033333
1913.2449	0.0101	0.0524	0.668766667
1920.9596	0.0101	0.053333333	0.6681
1928.6743	0.0103	0.0541	0.6675
1936.389	0.0105	0.0555	0.666366667
1944.1037	0.0103	0.056966667	0.665466667
1951.8184	0.010933333	0.058033333	0.664066667
1959.5331	0.0111	0.058833333	0.6635
1967.2478	0.010966667	0.058633333	0.663766667
1974.9625	0.011	0.058233333	0.6636
1982.6772	0.011433333	0.0576	0.6644
1990.3919	0.0112	0.056433333	0.6658
1998.1066	0.011566667	0.0548	0.6671
2005.8213	0.012066667	0.0542	0.667966667
2013.536	0.011733333	0.053433333	0.6687
2021.2507	0.0122	0.052533333	0.669
2028.9654	0.012566667	0.052433333	0.6698
2036.6801	0.0126	0.0519	0.6697
2044.3948	0.0127	0.051433333	0.6703
2052.1095	0.013166667	0.051466667	0.6707
2059.8242	0.0131	0.051	0.671166667
2067.5389	0.013266667	0.0509	0.671266667
2075.2536	0.013466667	0.051	0.6714
2082.9683	0.0132	0.050666667	0.671666667
2090.683	0.013266667	0.050766667	0.6711
2098.3977	0.0134	0.0508	0.671166667
2106.1124	0.0137	0.050966667	0.671466667
2113.8271	0.0137	0.050666667	0.671966667
2121.5417	0.013566667	0.050333333	0.671733333
2129.2564	0.014066667	0.0509	0.6716
2136.9711	0.0141	0.050466667	0.671566667
2144.6858	0.013966667	0.051233333	0.671333333
2152.4005	0.0138	0.051633333	0.6705
2160.1152	0.0138	0.052233333	0.669866667
2167.8299	0.013766667	0.052333333	0.669766667
2175.5446	0.013766667	0.051833333	0.6703
2183.2593	0.0139	0.0514	0.6709
2190.974	0.014066667	0.0513	0.670966667
2198.6887	0.013566667	0.0507	0.671066667
2206.4034	0.013766667	0.0509	0.670566667
2214.1181	0.013866667	0.051133333	0.670566667
2221.8328	0.014033333	0.051533333	0.670066667
2229.5475	0.013766667	0.051566667	0.669766667
2237.2622	0.013866667	0.0518	0.669833333
2244.9769	0.013766667	0.052	0.669733333
2252.6916	0.014466667	0.0515	0.670366667
2260.4063	0.014466667	0.051033333	0.671066667
2268.121	0.014566667	0.050666667	0.671133333
2275.8357	0.014666667	0.050266667	0.671766667
2283.5504	0.014466667	0.0496	0.671666667
2291.2651	0.0145	0.0493	0.672433333
2298.9798	0.014933333	0.0495	0.6724
2306.6945	0.014766667	0.049833333	0.672966667
2314.4092	0.015466667	0.049166667	0.673233333
2322.1239	0.015066667	0.049033333	0.673466667
2329.8386	0.0156	0.0489	0.674166667
2337.5533	0.016266667	0.0493	0.673666667
2345.268	0.015366667	0.049733333	0.673533333
2352.9827	0.0155	0.0497	0.673766667
2360.6974	0.016566667	0.050033333	0.6744
2368.4121	0.016933333	0.048833333	0.674133333
2376.1268	0.017266667	0.048833333	0.673933333
2383.8415	0.016866667	0.048766667	0.6741
2391.5562	0.0172	0.048866667	0.674033333
2399.2708	0.0172	0.0484	0.6742
2406.9855	0.0173	0.0488	0.6749
2414.7002	0.0181	0.048633333	0.675066667
2422.4149	0.018266667	0.048433333	0.6752
2430.1296	0.018466667	0.048266667	0.6754
2437.8443	0.018666667	0.048733333	0.675566667
2445.559	0.0189	0.0486	0.6764
2453.2737	0.019766667	0.0486	0.676033333
2460.9884	0.02	0.0486	0.6763
2468.7031	0.020266667	0.048566667	0.676533333
2476.4178	0.0205	0.048566667	0.676866667
2484.1325	0.020766667	0.048566667	0.677166667
2491.8472	0.021066667	0.049266667	0.677466667
2499.5619	0.021366667	0.0494	0.6778
2507.2766	0.021666667	0.0495	0.6775
2514.9913	0.0219	0.049433333	0.677733333
2522.706	0.022166667	0.049266667	0.678
2530.4207	0.022366667	0.049166667	0.678833333
2538.1354	0.022633333	0.049066667	0.6791
2545.8501	0.022866667	0.049133333	0.6788
2553.5648	0.023166667	0.0493	0.6791
2561.2795	0.023466667	0.0496	0.6794
2568.9942	0.023833333	0.049966667	0.6792
2576.7089	0.024166667	0.049666667	0.679
2584.4236	0.0246	0.049866667	0.679433333
2592.1383	0.025033333	0.0501	0.6793
2599.853	0.024833333	0.050233333	0.6798
2607.5677	0.0253	0.050433333	0.680266667
2615.2824	0.025733333	0.049833333	0.6801
2622.9971	0.0262	0.050033333	0.680533333
2630.7118	0.025933333	0.050266667	0.680366667
2638.4265	0.026433333	0.0498	0.680833333
2646.1412	0.026866667	0.050033333	0.681333333
2653.8559	0.0267	0.050366667	0.681233333
2661.5706	0.0272	0.0502	0.681233333
2669.2853	0.027766667	0.051	0.681266667
2677	0.027633333	0.052533333	0.6801
2684.7146	0.028233333	0.055166667	0.677666667
2692.4293	0.028766667	0.059233333	0.6746
2700.144	0.028733333	0.060433333	0.674766667
2707.8587	0.0295	0.0592	0.6757
2715.5734	0.029733333	0.059566667	0.676866667
2723.2881	0.0308	0.060066667	0.6768
2731.0028	0.0318	0.0631	0.675433333
2738.7175	0.032133333	0.0665	0.673333333
2746.4322	0.033133333	0.066133333	0.673833333
2754.1469	0.033433333	0.065166667	0.675566667
2761.8616	0.034433333	0.065466667	0.676
2769.5763	0.034733333	0.068433333	0.674533333
2777.291	0.035833333	0.072433333	0.671133333
2785.0057	0.0363	0.079466667	0.665833333
2792.7204	0.0376	0.088866667	0.658433333
2800.4351	0.0382	0.0996	0.6495
2808.1498	0.039	0.1069	0.6443
2815.8645	0.039766667	0.111333333	0.642166667
2823.5792	0.0409	0.116433333	0.639533333
2831.2939	0.0422	0.122933333	0.6357
2839.0086	0.0434	0.1338	0.6263
2846.7233	0.045733333	0.157366667	0.606033333
2854.438	0.049	0.193266667	0.580133333
2862.1527	0.0531	0.2198	0.568533333
2869.8674	0.056066667	0.230633333	0.565533333
2877.5821	0.056866667	0.2363	0.559666667
2885.2968	0.055966667	0.2326	0.558366667
2893.0115	0.056466667	0.211566667	0.575733333
2900.7262	0.058933333	0.177633333	0.609133333
2908.4409	0.061866667	0.143633333	0.6398
2916.1556	0.0659	0.116366667	0.662433333
2923.8703	0.069566667	0.0994	0.6804
2931.585	0.071866667	0.089066667	0.694466667
2939.2997	0.071366667	0.083866667	0.699833333
2947.0144	0.070833333	0.0808	0.7027
2954.7291	0.072533333	0.074733333	0.7082
2962.4438	0.072533333	0.0658	0.7137
2970.1584	0.0687	0.0583	0.714233333
2977.8731	0.062033333	0.0542	0.711266667
2985.5878	0.056866667	0.0517	0.7079
2993.3025	0.053466667	0.0507	0.7063
3001.0172	0.052866667	0.049433333	0.705766667
3008.7319	0.053166667	0.0494	0.706666667
3016.4466	0.053766667	0.049066667	0.708133333
3024.1613	0.0555	0.048833333	0.710166667
3031.876	0.057033333	0.048433333	0.712033333
3039.5907	0.058866667	0.047833333	0.7142
3047.3054	0.059366667	0.047833333	0.715133333
3055.0201	0.060766667	0.0483	0.717
3062.7348	0.060433333	0.047633333	0.717133333
3070.4495	0.060366667	0.047866667	0.717366667
3078.1642	0.059366667	0.0475	0.7166
3085.8789	0.059166667	0.048066667	0.7158
3093.5936	0.058033333	0.0476	0.715533333
3101.3083	0.057966667	0.047933333	0.714733333
3109.023	0.0577	0.0477	0.7146
3116.7377	0.057666667	0.047333333	0.714666667
3124.4524	0.058866667	0.047866667	0.7152
3132.1671	0.059466667	0.047433333	0.7168
3139.8818	0.060666667	0.0472	0.718233333
3147.5965	0.0627	0.047533333	0.7198
3155.3112	0.0646	0.047533333	0.722033333
3163.0259	0.066866667	0.047633333	0.7239
3170.7406	0.068833333	0.047433333	0.726333333
3178.4553	0.071	0.047266667	0.7282
3186.17	0.0732	0.047333333	0.7309
3193.8847	0.0752	0.047466667	0.7327
3201.5994	0.077033333	0.047766667	0.7344
3209.3141	0.078166667	0.047533333	0.736033333
3217.0288	0.08	0.047133333	0.7375
3224.7435	0.0811	0.0476	0.739233333
3232.4582	0.082766667	0.047333333	0.741533333
3240.1729	0.085266667	0.047366667	0.7442
3247.8875	0.0881	0.047366667	0.7483
3255.6022	0.091666667	0.048	0.7527
3263.3169	0.094233333	0.047733333	0.7563
3271.0316	0.096966667	0.047333333	0.759966667
3278.7463	0.097533333	0.047533333	0.762
3286.461	0.097933333	0.047966667	0.763466667
3294.1757	0.096533333	0.0477	0.762633333
3301.8904	0.0944	0.047633333	0.760566667
3309.6051	0.091866667	0.047933333	0.756866667
3317.3198	0.0883	0.047633333	0.7535
3325.0345	0.084566667	0.0475	0.749
3332.7492	0.0814	0.047933333	0.744133333
3340.4639	0.077366667	0.0477	0.7402
3348.1786	0.073333333	0.0474	0.7356
3355.8933	0.069933333	0.047633333	0.731633333
3363.608	0.066266667	0.047533333	0.7275
3371.3227	0.0626	0.047433333	0.723566667
3379.0374	0.059733333	0.047833333	0.7205
3386.7521	0.0569	0.047066667	0.7176
3394.4668	0.053866667	0.0477	0.714566667
3402.1815	0.050933333	0.047366667	0.711766667
3409.8962	0.048766667	0.047666667	0.7097
3417.6109	0.046366667	0.047466667	0.7074
3425.3256	0.043966667	0.047266667	0.706166667
3433.0403	0.0425	0.046966667	0.704133333
3440.755	0.0405	0.046766667	0.702366667
3448.4697	0.038433333	0.047333333	0.7014
3456.1844	0.0368	0.047333333	0.6999
3463.8991	0.0352	0.047133333	0.698433333
3471.6138	0.033933333	0.0472	0.697233333
3479.3285	0.032333333	0.046866667	0.696566667
3487.0432	0.030633333	0.0466	0.695033333
3494.7579	0.028866667	0.047266667	0.693366667
3502.4726	0.027566667	0.046233333	0.693
3510.1873	0.026333333	0.046433333	0.6917
3517.902	0.024833333	0.046033333	0.69
3525.6167	0.023133333	0.0464	0.689033333
3533.3313	0.021766667	0.0464	0.687366667
3541.046	0.020166667	0.045966667	0.6865
3548.7607	0.018666667	0.045566667	0.685533333
3556.4754	0.017366667	0.045433333	0.6839
3564.1901	0.015766667	0.045633333	0.6822
3571.9048	0.014966667	0.0454	0.680733333
3579.6195	0.013466667	0.045366667	0.679633333
3587.3342	0.012333333	0.044666667	0.677633333
3595.0489	0.011333333	0.044666667	0.677
3602.7636	0.009666667	0.044966667	0.675833333
3610.4783	0.009133333	0.044633333	0.674466667
3618.193	0.007566667	0.043566667	0.674033333
3625.9077	0.0069	0.044033333	0.6723
3633.6224	0.005633333	0.043333333	0.671733333
3641.3371	0.0049	0.043066667	0.671366667
3649.0518	0.0043	0.043166667	0.670933333
3656.7665	0.002933333	0.0435	0.669233333
3664.4812	0.002933333	0.0433	0.668866667
3672.1959	0.001733333	0.042166667	0.668733333
3679.9106	0.0011	0.041966667	0.668633333
3687.6253	0.0014	0.0421	0.667866667
3695.34	0.0006	0.043166667	0.667666667
3703.0547	0.0006	0.042133333	0.6676
3710.7694	0.001	0.043	0.667666667
3718.4841	0.0003	0.0422	0.667966667
3726.1988	0.0002	0.042833333	0.6679
3733.9135	3.33333E-05	0.041533333	0.6678
3741.6282	0.0003	0.040966667	0.667466667
3749.3429	0.0007	0.041333333	0.667466667
3757.0576	0.0006	0.0425	0.667466667
3764.7723	0.0003	0.042333333	0.6681
3772.487	0.0007	0.042166667	0.6679
3780.2017	0.0011	0.042933333	0.667733333
3787.9164	0.0003	0.042233333	0.667866667
3795.6311	0	0.042033333	0.667266667
3803.3458	0.0001	0.0425	0.6677
3811.0604	0.0006	0.041966667	0.667233333
3818.7751	0.0004	0.0426	0.667466667
3826.4898	0.000666667	0.041433333	0.667566667
3834.2045	0.0011	0.041633333	0.667166667
3841.9192	0.000266667	0.042	0.668166667
3849.6339	0.000566667	0.041166667	0.667066667
3857.3486	0.0004	0.042166667	0.667333333
3865.0633	0.001	0.041433333	0.668
3872.778	0.000766667	0.041433333	0.667233333
3880.4927	0.000933333	0.042033333	0.6683
3888.2074	0.000466667	0.0418	0.667666667
3895.9221	0.000766667	0.041933333	0.6684
3903.6368	0.000866667	0.0422	0.668366667
3911.3515	0.0007	0.041866667	0.668066667
3919.0662	0.0009	0.0423	0.667866667
3926.7809	0.001166667	0.042533333	0.668166667
3934.4956	0.000833333	0.042533333	0.667666667
3942.2103	0.001433333	0.043433333	0.6673
3949.925	0.001533333	0.042733333	0.6674
3957.6397	0.0006	0.043466667	0.6675
3965.3544	0.0008	0.044	0.6667
3973.0691	0.0005	0.043833333	0.666566667
3980.7838	0.001266667	0.043666667	0.6674
3988.4985	0.0008	0.044366667	0.667066667
3996.2132	0.000733333	0.044466667	0.667166667
4003.9279	0.000866667	0.043633333	0.666433333
